<<<<<<< HEAD
{
    "class_name": "PinholeCameraTrajectory",
    "parameters": [
        {
            "class_name": "PinholeCameraParameters",
            "extrinsic": [
                0.9999930909343673,
                -0.0010389446654459147,
                -0.003569128396763205,
                0.0,
                0.0010183201358132015,
                0.9999828028447448,
                -0.0057755552866485625,
                0.0,
                0.0035750675002630917,
                0.005771880867644295,
                0.9999769518762012,
                0.0,
                -0.0007657720643510633,
                -0.0029539278046330068,
                0.001612727993085837,
                1.0
            ],
            "intrinsic": {
                "height": 480,
                "intrinsic_matrix": [
                    594.64318848,
                    0.0,
                    0.0,
                    0.0,
                    594.51861572,
                    0.0,
                    326.84893799,
                    236.47299194,
                    1.0
                ],
                "width": 640
            }
        },
        {
            "class_name": "PinholeCameraParameters",
            "extrinsic": [
                0.8611066849982134,
                0.015295320145624283,
                -0.5081941855561033,
                0.0,
                -0.014494300599137814,
                0.9998796378753639,
                0.005533987023141442,
                0.0,
                0.5082176623274027,
                0.0026005660678637323,
                0.8612247353360192,
                0.0,
                -0.15065511907096626,
                -0.0058385618726252315,
                0.05269165348294968,
                1.0
            ],
            "intrinsic": {
                "height": 480,
                "intrinsic_matrix": [
                    594.64318848,
                    0.0,
                    0.0,
                    0.0,
                    594.51861572,
                    0.0,
                    326.84893799,
                    236.47299194,
                    1.0
                ],
                "width": 640
            }
        },
        {
            "class_name": "PinholeCameraParameters",
            "extrinsic": [
                0.48947390603485785,
                0.025118395445814838,
                -0.8716561027843529,
                0.0,
                -0.01744672904783231,
                0.99966705748309,
                0.01901015067353868,
                0.0,
                0.871843395889715,
                0.0059025751436799275,
                0.4897491732000807,
                0.0,
                -0.2520938546636704,
                -0.009156361731156014,
                0.17246792915199266,
                1.0
            ],
            "intrinsic": {
                "height": 480,
                "intrinsic_matrix": [
                    594.64318848,
                    0.0,
                    0.0,
                    0.0,
                    594.51861572,
                    0.0,
                    326.84893799,
                    236.47299194,
                    1.0
                ],
                "width": 640
            }
        },
        {
            "class_name": "PinholeCameraParameters",
            "extrinsic": [
                0.05230053078337357,
                -0.006027826962313599,
                -0.9986131982814418,
                0.0,
                -0.04580496789240704,
                0.9989148430369055,
                -0.0084285987524363,
                0.0,
                0.9975803523507033,
                0.04618226567272781,
                0.05196767207775059,
                0.0,
                -0.2888435901491699,
                -0.017892166007523712,
                0.3071376611764935,
                1.0
            ],
            "intrinsic": {
                "height": 480,
                "intrinsic_matrix": [
                    594.64318848,
                    0.0,
                    0.0,
                    0.0,
                    594.51861572,
                    0.0,
                    326.84893799,
                    236.47299194,
                    1.0
                ],
                "width": 640
            }
        },
        {
            "class_name": "PinholeCameraParameters",
            "extrinsic": [
                -0.4586591351098736,
                -0.029749667309691252,
                -0.8881141565560282,
                0.0,
                -0.03562820638317393,
                0.9992514435452452,
                -0.015072607029356276,
                0.0,
                0.8878977580161926,
                0.024728725557661105,
                -0.45937573014049515,
                0.0,
                -0.24864808092888332,
                -0.008998447110857687,
                0.45963723589419947,
                1.0
            ],
            "intrinsic": {
                "height": 480,
                "intrinsic_matrix": [
                    594.64318848,
                    0.0,
                    0.0,
                    0.0,
                    594.51861572,
                    0.0,
                    326.84893799,
                    236.47299194,
                    1.0
                ],
                "width": 640
            }
        },
        {
            "class_name": "PinholeCameraParameters",
            "extrinsic": [
                -0.8728090465962919,
                -0.027373631815797585,
                -0.48729359985627346,
                0.0,
                -0.03566502501773567,
                0.9993338001405414,
                0.007743506127613128,
                0.0,
                0.4867569970428337,
                0.02413794063041105,
                -0.873203862595652,
                0.0,
                -0.12305558716197869,
                -0.007661635561913462,
                0.5819072673765038,
                1.0
            ],
            "intrinsic": {
                "height": 480,
                "intrinsic_matrix": [
                    594.64318848,
                    0.0,
                    0.0,
                    0.0,
                    594.51861572,
                    0.0,
                    326.84893799,
                    236.47299194,
                    1.0
                ],
                "width": 640
            }
        },
        {
            "class_name": "PinholeCameraParameters",
            "extrinsic": [
                -0.9980734136562239,
                -0.007217760209153075,
                0.06162276275999653,
                0.0,
                -0.005294509450108323,
                0.9994954950111254,
                0.031316507183074334,
                0.0,
                -0.06181770880819145,
                0.03092991092822605,
                -0.9976080951394084,
                0.0,
                0.04857280540844694,
                -0.011923907183149141,
                0.61414270345103,
                1.0
            ],
            "intrinsic": {
                "height": 480,
                "intrinsic_matrix": [
                    594.64318848,
                    0.0,
                    0.0,
                    0.0,
                    594.51861572,
                    0.0,
                    326.84893799,
                    236.47299194,
                    1.0
                ],
                "width": 640
            }
        },
        {
            "class_name": "PinholeCameraParameters",
            "extrinsic": [
                -0.8106554542955335,
                -0.021009865500517325,
                0.5851464090059457,
                0.0,
                -0.006218156931199049,
                0.9996085816645661,
                0.027276693108495443,
                0.0,
                -0.5854904516260547,
                0.018473467844620662,
                -0.8104687915277875,
                0.0,
                0.20228402752861083,
                -0.010683055158542967,
                0.5488382515418101,
                1.0
            ],
            "intrinsic": {
                "height": 480,
                "intrinsic_matrix": [
                    594.64318848,
                    0.0,
                    0.0,
                    0.0,
                    594.51861572,
                    0.0,
                    326.84893799,
                    236.47299194,
                    1.0
                ],
                "width": 640
            }
        },
        {
            "class_name": "PinholeCameraParameters",
            "extrinsic": [
                -0.3752634294746035,
                -0.08733666054881763,
                0.9227944875340008,
                0.0,
                0.0026286535230581934,
                0.9954468767967924,
                0.09528171732376733,
                0.0,
                -0.926914477543433,
                0.038181450989861615,
                -0.37332523102610343,
                0.0,
                0.28826741500718384,
                -0.017838642019321314,
                0.4176688967762266,
                1.0
            ],
            "intrinsic": {
                "height": 480,
                "intrinsic_matrix": [
                    594.64318848,
                    0.0,
                    0.0,
                    0.0,
                    594.51861572,
                    0.0,
                    326.84893799,
                    236.47299194,
                    1.0
                ],
                "width": 640
            }
        },
        {
            "class_name": "PinholeCameraParameters",
            "extrinsic": [
                0.13054513485896554,
                -0.12533934789921153,
                0.9834876794514786,
                0.0,
                -0.009175413230716377,
                0.991781434923482,
                0.12761425129335952,
                0.0,
                -0.9913999089957092,
                -0.02568332551130316,
                0.12832220086166055,
                0.0,
                0.28793375759924206,
                0.002251813619965644,
                0.2675727335871392,
                1.0
            ],
            "intrinsic": {
                "height": 480,
                "intrinsic_matrix": [
                    594.64318848,
                    0.0,
                    0.0,
                    0.0,
                    594.51861572,
                    0.0,
                    326.84893799,
                    236.47299194,
                    1.0
                ],
                "width": 640
            }
        },
        {
            "class_name": "PinholeCameraParameters",
            "extrinsic": [
                0.656920689908554,
                -0.12486948605833044,
                0.7435474555276197,
                0.0,
                0.036646754576789044,
                0.9903125125774296,
                0.1339333521254779,
                0.0,
                -0.7530685377500891,
                -0.06073498896111761,
                0.6551328403971479,
                0.0,
                0.2171089993819293,
                0.014094170124282485,
                0.1158864569298314,
                1.0
            ],
            "intrinsic": {
                "height": 480,
                "intrinsic_matrix": [
                    594.64318848,
                    0.0,
                    0.0,
                    0.0,
                    594.51861572,
                    0.0,
                    326.84893799,
                    236.47299194,
                    1.0
                ],
                "width": 640
            }
        },
        {
            "class_name": "PinholeCameraParameters",
            "extrinsic": [
                0.9520025687141279,
                -0.05546718063358129,
                0.30102242613178165,
                0.0,
                0.028336235320168,
                0.9951913653700531,
                0.09376142096176322,
                0.0,
                -0.30477560094204087,
                -0.08073127129836719,
                0.9489964672773905,
                0.0,
                0.0811029110466197,
                0.018123904793601257,
                0.02349924949861469,
                1.0
            ],
            "intrinsic": {
                "height": 480,
                "intrinsic_matrix": [
                    594.64318848,
                    0.0,
                    0.0,
                    0.0,
                    594.51861572,
                    0.0,
                    326.84893799,
                    236.47299194,
                    1.0
                ],
                "width": 640
            }
        }
    ]
}
=======
{"class_name": "PinholeCameraTrajectory", "parameters": [{"class_name": "PinholeCameraParameters", "extrinsic": [0.9999997443755646, -0.0007150005428482786, 4.798891420171145e-06, 0.0, 0.0007150080453327683, 0.999998112677609, -0.0018064896112144526, 0.0, -3.507241310447856e-06, 0.0018064925806775393, 0.9999983682847965, 0.0, -1.938859192051667e-05, -0.0014552736038591337, -0.002553110588374021, 1.0], "intrinsic": {"height": 480, "intrinsic_matrix": [594.64318848, 0.0, 0.0, 0.0, 594.51861572, 0.0, 326.84893799, 236.47299194, 1.0], "width": 640}}, {"class_name": "PinholeCameraParameters", "extrinsic": [0.8687879408109439, 0.0218602248559087, -0.49470157112215496, 0.0, -0.013361320164002951, 0.9996962326316884, 0.020710325576475244, 0.0, 0.4950040293017363, -0.011383015033711778, 0.8688161128477004, 0.0, -0.14656160870723015, -0.00234092899352967, 0.04826761832326204, 1.0], "intrinsic": {"height": 480, "intrinsic_matrix": [594.64318848, 0.0, 0.0, 0.0, 594.51861572, 0.0, 326.84893799, 236.47299194, 1.0], "width": 640}}, {"class_name": "PinholeCameraParameters", "extrinsic": [0.504962626303091, 0.046714265335584, -0.8618761648005128, 0.0, -0.012764018769482468, 0.9988293264695881, 0.04665893707705796, 0.0, 0.8630468271547822, -0.012560015862458545, 0.5049677416821764, 0.0, -0.24926810863708473, -0.005480057919439165, 0.16811393805404173, 1.0], "intrinsic": {"height": 480, "intrinsic_matrix": [594.64318848, 0.0, 0.0, 0.0, 594.51861572, 0.0, 326.84893799, 236.47299194, 1.0], "width": 640}}, {"class_name": "PinholeCameraParameters", "extrinsic": [0.09491826436398154, 0.021106808774464702, -0.995261285147518, 0.0, -0.05517218365565065, 0.9983500814483421, 0.015910531818776795, 0.0, 0.9939550056420041, 0.053400538344171515, 0.09592616568880571, 0.0, -0.291375545322714, -0.020156483553798125, 0.2974495271538829, 1.0], "intrinsic": {"height": 480, "intrinsic_matrix": [594.64318848, 0.0, 0.0, 0.0, 594.51861572, 0.0, 326.84893799, 236.47299194, 1.0], "width": 640}}, {"class_name": "PinholeCameraParameters", "extrinsic": [-0.4206209043324557, -0.0032469817938162917, -0.9072306828738643, 0.0, -0.045123202726309944, 0.9988308276627803, 0.017345728183205233, 0.0, 0.9061136525923597, 0.048233129897570705, -0.42027564022438496, 0.0, -0.2573521021718146, -0.015757935021136118, 0.45427695406324936, 1.0], "intrinsic": {"height": 480, "intrinsic_matrix": [594.64318848, 0.0, 0.0, 0.0, 594.51861572, 0.0, 326.84893799, 236.47299194, 1.0], "width": 640}}, {"class_name": "PinholeCameraParameters", "extrinsic": [-0.8507340002344579, -0.01980877259065355, -0.5252230701078632, 0.0, -0.046016890811543615, 0.9982593870514714, 0.03688688010199217, 0.0, 0.5235781762116484, 0.05555005573419388, -0.8501647397433113, 0.0, -0.13635212278271974, -0.016572255023909313, 0.5813959218989839, 1.0], "intrinsic": {"height": 480, "intrinsic_matrix": [594.64318848, 0.0, 0.0, 0.0, 594.51861572, 0.0, 326.84893799, 236.47299194, 1.0], "width": 640}}, {"class_name": "PinholeCameraParameters", "extrinsic": [-0.9995038140023408, -0.021061422808970106, 0.023420979143405265, 0.0, -0.019586077363132212, 0.9979130030215061, 0.061530675066384495, 0.0, -0.024668023193994054, 0.06104141929756703, -0.9978303632190392, 0.0, 0.034723935844431515, -0.019993685211364312, 0.6202771481558859, 1.0], "intrinsic": {"height": 480, "intrinsic_matrix": [594.64318848, 0.0, 0.0, 0.0, 594.51861572, 0.0, 326.84893799, 236.47299194, 1.0], "width": 640}}, {"class_name": "PinholeCameraParameters", "extrinsic": [-0.8374338639635033, -0.04596147490369628, 0.5446026682929803, 0.0, -0.01990266896602657, 0.9983613338655923, 0.053651941345537066, 0.0, -0.5461761686994281, 0.034090905925086394, -0.8369763454710184, 0.0, 0.1888495709506969, -0.014413139097465324, 0.5628597075127229, 1.0], "intrinsic": {"height": 480, "intrinsic_matrix": [594.64318848, 0.0, 0.0, 0.0, 594.51861572, 0.0, 326.84893799, 236.47299194, 1.0], "width": 640}}]}
>>>>>>> 3082674f4e231ff1ceaff5cce4c3c48674526a42
