{"class_name": "PinholeCameraTrajectory", "parameters": [{"class_name": "PinholeCameraParameters", "extrinsic": [0.999999743401511, -0.000636380971797765, 0.00032896226348933026, 0.0, 0.0006860191354119017, 0.718423193282973, -0.6956059550714343, 0.0, 0.0002063362738710723, 0.6956060022544046, 0.7184234455061915, 0.0, 0.014646052265509895, -0.8336741216579944, -0.7403812682034098, 1.0], "intrinsic": {"height": 480, "intrinsic_matrix": [594.6319, 0.0, 0.0, 0.0, 594.5186, 0.0, 326.8489, 236.473, 1.0], "width": 640}}, {"class_name": "PinholeCameraParameters", "extrinsic": [0.8608796390609171, 0.012586318579596677, -0.5086529579536114, 0.0, -0.36143508624265946, 0.7187549079949017, -0.5939327071865985, 0.0, 0.3581213837277899, 0.6951496003148192, 0.6233106029092079, 0.0, -0.5043400655139412, -0.8361744530495053, -0.601183468537901, 1.0], "intrinsic": {"height": 480, "intrinsic_matrix": [594.6319, 0.0, 0.0, 0.0, 594.5186, 0.0, 326.8489, 236.473, 1.0], "width": 640}}, {"class_name": "PinholeCameraParameters", "extrinsic": [0.4906163831234289, 0.025779974487298518, -0.870994235070657, 0.0, -0.6161038736414965, 0.717119476867183, -0.32581539678425414, 0.0, 0.616207417591535, 0.6964732936826595, 0.36771370615194626, 0.0, -0.8766738471831366, -0.841215310063903, -0.22625458543617236, 1.0], "intrinsic": {"height": 480, "intrinsic_matrix": [594.6319, 0.0, 0.0, 0.0, 594.5186, 0.0, 326.8489, 236.473, 1.0], "width": 640}}, {"class_name": "PinholeCameraParameters", "extrinsic": [0.053717235221776925, -0.005734792416731804, -0.9985397191880078, 0.0, -0.7239071404053747, 0.6885624443653576, -0.04289769550589823, 0.0, 0.6878029592188746, 0.7251543782985393, 0.0328362136096408, 0.0, -0.9891099408018902, -0.8789669320608398, 0.2547519631624033, 1.0], "intrinsic": {"height": 480, "intrinsic_matrix": [594.6319, 0.0, 0.0, 0.0, 594.5186, 0.0, 326.8489, 236.473, 1.0], "width": 640}}, {"class_name": "PinholeCameraParameters", "extrinsic": [-0.4574301615927803, -0.026279162266821286, -0.8888571611320668, 0.0, -0.6413334650565564, 0.7021625156709049, 0.3092881960005231, 0.0, 0.6159943456426804, 0.7115315925644214, -0.33804401920309907, 0.0, -0.8850566924982977, -0.8584102891177877, 0.7906006300235544, 1.0], "intrinsic": {"height": 480, "intrinsic_matrix": [594.6319, 0.0, 0.0, 0.0, 594.5186, 0.0, 326.8489, 236.473, 1.0], "width": 640}}, {"class_name": "PinholeCameraParameters", "extrinsic": [-0.8721722244847259, -0.02408102009047567, -0.4886058895559555, 0.0, -0.3628370339312405, 0.7017660363007875, 0.6130854076738913, 0.0, 0.32812329640753074, 0.7120003755378814, -0.6207983308519535, 0.0, -0.4700457843387561, -0.8571605205928566, 1.2066592955032749, 1.0], "intrinsic": {"height": 480, "intrinsic_matrix": [594.6319, 0.0, 0.0, 0.0, 594.5186, 0.0, 326.8489, 236.473, 1.0], "width": 640}}, {"class_name": "PinholeCameraParameters", "extrinsic": [-0.9981392126080487, -0.006300364928835544, 0.060649960065511044, 0.0, 0.039298655233927116, 0.6940520512258653, 0.7188514212867454, 0.0, -0.046623255473953344, 0.7198972534958951, -0.6925129720503996, 0.0, 0.08191715102149523, -0.8702872961111926, 1.3183503624057222, 1.0], "intrinsic": {"height": 480, "intrinsic_matrix": [594.6319, 0.0, 0.0, 0.0, 594.5186, 0.0, 326.8489, 236.473, 1.0], "width": 640}}, {"class_name": "PinholeCameraParameters", "extrinsic": [-0.8179233567719592, -0.024035551293309015, 0.5748249078814492, 0.0, 0.3940371358297565, 0.704605088223754, 0.5901410045372862, 0.0, -0.41920891931586113, 0.7091924717051227, -0.5668420591688713, 0.0, 0.6195430041457821, -0.8574513659711553, 1.1343685936006458, 1.0], "intrinsic": {"height": 480, "intrinsic_matrix": [594.6319, 0.0, 0.0, 0.0, 594.5186, 0.0, 326.8489, 236.473, 1.0], "width": 640}}, {"class_name": "PinholeCameraParameters", "extrinsic": [-0.3767066372471923, -0.08467885744914759, 0.9224541184010285, 0.0, 0.6470735239187856, 0.6885275663480166, 0.32745327150939174, 0.0, -0.6628634581097664, 0.7202494578130451, -0.2045794574799182, 0.0, 0.9637583254476098, -0.8765224124625711, 0.6257927605210815, 1.0], "intrinsic": {"height": 480, "intrinsic_matrix": [594.6319, 0.0, 0.0, 0.0, 594.5186, 0.0, 326.8489, 236.473, 1.0], "width": 640}}, {"class_name": "PinholeCameraParameters", "extrinsic": [0.09601567040821296, -0.1157691965639475, 0.9886245415540719, 0.0, 0.6788793589189351, 0.7339769432937856, 0.02001656181585083, 0.0, -0.7279449203544716, 0.6692348913797385, 0.14906660622041654, 0.0, 1.04714718473757, -0.8029954867753828, 0.12064437398805977, 1.0], "intrinsic": {"height": 480, "intrinsic_matrix": [594.6319, 0.0, 0.0, 0.0, 594.5186, 0.0, 326.8489, 236.473, 1.0], "width": 640}}, {"class_name": "PinholeCameraParameters", "extrinsic": [0.6277336056809768, -0.11217390436485031, 0.7703035346396281, 0.0, 0.5652120129282711, 0.7461001322984555, -0.3519516629109732, 0.0, -0.5352437769281693, 0.6563166977639469, 0.5317541645308443, 0.0, 0.7854410241562981, -0.7818043803476896, -0.431784796427405, 1.0], "intrinsic": {"height": 480, "intrinsic_matrix": [594.6319, 0.0, 0.0, 0.0, 594.5186, 0.0, 326.8489, 236.473, 1.0], "width": 640}}]}