{"class_name": "PinholeCameraTrajectory", "parameters": [{"class_name": "PinholeCameraParameters", "extrinsic": [0.999995658327775, -0.0011025513193490854, 0.002732710410610246, 0.0, 0.0011012902627833858, 0.9999992864279333, 0.00046292913157203755, 0.0, -0.0027332188637492127, -0.00045991761431927303, 0.9999961589878389, 0.0, -6.410247599984477e-05, -0.0016015649259151952, -0.0017194878564186999, 1.0], "intrinsic": {"height": 480, "intrinsic_matrix": [594.64318848, 0.0, 0.0, 0.0, 594.51861572, 0.0, 326.84893799, 236.47299194, 1.0], "width": 640}}, {"class_name": "PinholeCameraParameters", "extrinsic": [0.8513743069245564, 0.015860198200250517, -0.5243188377521646, 0.0, -0.005616915430120208, 0.999761141265975, 0.02112133224030604, 0.0, 0.5245285881339381, -0.015037105027341006, 0.8512600341274186, 0.0, -0.09964535572571576, -0.0003038435112997695, 0.06106842444939086, 1.0], "intrinsic": {"height": 480, "intrinsic_matrix": [594.64318848, 0.0, 0.0, 0.0, 594.51861572, 0.0, 326.84893799, 236.47299194, 1.0], "width": 640}}, {"class_name": "PinholeCameraParameters", "extrinsic": [0.46823722746059016, 0.10644046461090935, -0.8771683568810685, 0.0, -0.0460988941680484, 0.994308729320516, 0.09604708612708827, 0.0, 0.8823994508024715, -0.004536330062395023, 0.4704791503701968, 0.0, -0.14138863852788303, -0.011617452136355974, 0.16416882454183002, 1.0], "intrinsic": {"height": 480, "intrinsic_matrix": [594.64318848, 0.0, 0.0, 0.0, 594.51861572, 0.0, 326.84893799, 236.47299194, 1.0], "width": 640}}, {"class_name": "PinholeCameraParameters", "extrinsic": [-0.6635116340323629, -0.1506186842155766, -0.7328480903085389, 0.0, -0.23372043806835188, 0.9722323620758566, 0.011789442800057972, 0.0, 0.7107229195212718, 0.1791040091610642, -0.6802901480762406, 0.0, -0.026792815474325264, 0.0035262171955810257, 0.31644162572604956, 1.0], "intrinsic": {"height": 480, "intrinsic_matrix": [594.64318848, 0.0, 0.0, 0.0, 594.51861572, 0.0, 326.84893799, 236.47299194, 1.0], "width": 640}}, {"class_name": "PinholeCameraParameters", "extrinsic": [-0.8983413211540993, -0.11168631359538687, -0.42486355228776645, 0.0, -0.15041870671009214, 0.9868828511170146, 0.05862124907245877, 0.0, 0.4127433626101943, 0.11656931640283756, -0.9033573551450195, 0.0, 0.0345623413195367, 0.011820483815499412, 0.34924175045767103, 1.0], "intrinsic": {"height": 480, "intrinsic_matrix": [594.64318848, 0.0, 0.0, 0.0, 594.51861572, 0.0, 326.84893799, 236.47299194, 1.0], "width": 640}}, {"class_name": "PinholeCameraParameters", "extrinsic": [-0.9771219548618213, 0.047470933602393614, -0.2073142440594201, 0.0, 0.05078441113133163, 0.9986524562573135, -0.010687151036568043, 0.0, 0.20652755000981235, -0.02097098171644972, -0.9782160236945582, 0.0, 0.053609395537687614, 0.029413424991087442, 0.3307874238781285, 1.0], "intrinsic": {"height": 480, "intrinsic_matrix": [594.64318848, 0.0, 0.0, 0.0, 594.51861572, 0.0, 326.84893799, 236.47299194, 1.0], "width": 640}}, {"class_name": "PinholeCameraParameters", "extrinsic": [-0.9722733489853832, 0.13818195266571015, 0.18865387038234513, 0.0, 0.13406099163062718, 0.9903725168877868, -0.034495337603241666, 0.0, -0.19160424153906458, -0.008247772477472243, -0.9814376133373935, 0.0, 0.12520607423659588, 0.021157064193217827, 0.29566913507565995, 1.0], "intrinsic": {"height": 480, "intrinsic_matrix": [594.64318848, 0.0, 0.0, 0.0, 594.51861572, 0.0, 326.84893799, 236.47299194, 1.0], "width": 640}}, {"class_name": "PinholeCameraParameters", "extrinsic": [0.43524171229527553, -0.12596140470392353, 0.8914585668460936, 0.0, 0.05863105919945077, 0.9920281765722645, 0.11154593575679603, 0.0, -0.8984024993149933, 0.0037177159282440458, 0.4391572927925139, 0.0, 0.20809920855536077, 0.00046819131426962775, 0.06857445954371887, 1.0], "intrinsic": {"height": 480, "intrinsic_matrix": [594.64318848, 0.0, 0.0, 0.0, 594.51861572, 0.0, 326.84893799, 236.47299194, 1.0], "width": 640}}, {"class_name": "PinholeCameraParameters", "extrinsic": [0.6617695500043692, -0.102966360756879, 0.7426028489303678, 0.0, 0.23472439234727663, 0.9691804125781337, -0.0747916272859507, 0.0, -0.7120151138313127, 0.22380182400365511, 0.6655428019657494, 0.0, 0.14523011473365835, -0.038506919751272406, 0.005757943012399869, 1.0], "intrinsic": {"height": 480, "intrinsic_matrix": [594.64318848, 0.0, 0.0, 0.0, 594.51861572, 0.0, 326.84893799, 236.47299194, 1.0], "width": 640}}]}