{
    "class_name": "PinholeCameraTrajectory",
    "parameters": [
        {
            "class_name": "PinholeCameraParameters",
            "extrinsic": [
                0.9999160011073085,
                0.0006969925801189881,
                -0.012942369601915296,
                0.0,
                0.0007336513341424291,
                -0.9999957322774583,
                0.0028279290284896398,
                0.0,
                -0.012940343321922811,
                -0.00283718667230804,
                -0.9999122450927874,
                0.0,
                -0.0020772956636273335,
                -0.00011604392223154544,
                0.00045740731155914074,
                1.0
            ],
            "intrinsic": {
                "height": 480,
                "intrinsic_matrix": [
                    594.6319,
                    0.0,
                    0.0,
                    0.0,
                    594.5186,
                    0.0,
                    326.8489,
                    236.473,
                    1.0
                ],
                "width": 640
            }
        },
        {
            "class_name": "PinholeCameraParameters",
            "extrinsic": [
                0.9999160011073085,
                0.0006969925801189881,
                -0.012942369601915296,
                0.0,
                0.0007336513341424291,
                -0.9999957322774583,
                0.0028279290284896398,
                0.0,
                -0.012940343321922811,
                -0.00283718667230804,
                -0.9999122450927874,
                0.0,
                -0.0020772956636273335,
                -0.00011604392223154544,
                0.00045740731155914074,
                1.0
            ],
            "intrinsic": {
                "height": 480,
                "intrinsic_matrix": [
                    594.6319,
                    0.0,
                    0.0,
                    0.0,
                    594.5186,
                    0.0,
                    326.8489,
                    236.473,
                    1.0
                ],
                "width": 640
            }
        },
        {
            "class_name": "PinholeCameraParameters",
            "extrinsic": [
                0.495683687738217,
                0.0032823962373685397,
                0.8684969243383551,
                0.0,
                0.002428564583708212,
                -0.9999941870677179,
                0.0023933041672451402,
                0.0,
                0.8684997315971402,
                0.0009228790360083258,
                -0.4956887778737586,
                0.0,
                0.001303347136770122,
                7.006657942665807e-06,
                0.0008459252061184185,
                1.0
            ],
            "intrinsic": {
                "height": 480,
                "intrinsic_matrix": [
                    594.6319,
                    0.0,
                    0.0,
                    0.0,
                    594.5186,
                    0.0,
                    326.8489,
                    236.473,
                    1.0
                ],
                "width": 640
            }
        },
        {
            "class_name": "PinholeCameraParameters",
            "extrinsic": [
                0.006459343333895403,
                0.001349838034542775,
                0.9999782271734585,
                0.0,
                0.0011423256865655367,
                -0.9999984464098118,
                0.0013424864933645531,
                0.0,
                0.9999784857564299,
                0.0011336292337247509,
                -0.006460875253382554,
                0.0,
                -0.0011563107240310196,
                0.0003107896184920711,
                0.0009213249073162965,
                1.0
            ],
            "intrinsic": {
                "height": 480,
                "intrinsic_matrix": [
                    594.6319,
                    0.0,
                    0.0,
                    0.0,
                    594.5186,
                    0.0,
                    326.8489,
                    236.473,
                    1.0
                ],
                "width": 640
            }
        },
        {
            "class_name": "PinholeCameraParameters",
            "extrinsic": [
                -0.5001699755118385,
                -0.00027465189120722005,
                0.8659272025769977,
                0.0,
                0.0011930767843602143,
                -0.9999992191067998,
                0.00037195910733053383,
                0.0,
                0.865926424221061,
                0.0012191604199455204,
                0.5001699126133008,
                0.0,
                0.0003496705284995348,
                0.0006889859817847182,
                0.0014780830825911612,
                1.0
            ],
            "intrinsic": {
                "height": 480,
                "intrinsic_matrix": [
                    594.6319,
                    0.0,
                    0.0,
                    0.0,
                    594.5186,
                    0.0,
                    326.8489,
                    236.473,
                    1.0
                ],
                "width": 640
            }
        },
        {
            "class_name": "PinholeCameraParameters",
            "extrinsic": [
                -0.8641959464621527,
                0.0006425007529295449,
                0.5031549992906434,
                0.0,
                0.00023865651007378395,
                -0.9999985487930483,
                0.0016868476122211464,
                0.0,
                0.5031553529094723,
                0.0015778480849377554,
                0.8641945389979996,
                0.0,
                -0.00038072485295414344,
                0.0003736595658766314,
                0.001254288312313232,
                1.0
            ],
            "intrinsic": {
                "height": 480,
                "intrinsic_matrix": [
                    594.6319,
                    0.0,
                    0.0,
                    0.0,
                    594.5186,
                    0.0,
                    326.8489,
                    236.473,
                    1.0
                ],
                "width": 640
            }
        },
        {
            "class_name": "PinholeCameraParameters",
            "extrinsic": [
                -0.9999643208855957,
                -0.0009061747977953212,
                -0.008398559581540713,
                0.0,
                0.0008871245209809441,
                -0.999997026129049,
                0.0022717269073947305,
                0.0,
                -0.008400593186979301,
                0.0022641952860448043,
                0.9999621510106338,
                0.0,
                0.0020265242821695495,
                0.00022350903860498682,
                0.0018652655138623993,
                1.0
            ],
            "intrinsic": {
                "height": 480,
                "intrinsic_matrix": [
                    594.6319,
                    0.0,
                    0.0,
                    0.0,
                    594.5186,
                    0.0,
                    326.8489,
                    236.473,
                    1.0
                ],
                "width": 640
            }
        },
        {
            "class_name": "PinholeCameraParameters",
            "extrinsic": [
                -0.866655950196238,
                -0.0021884232068879426,
                -0.4989014680208144,
                0.0,
                0.001302391910934159,
                -0.999996896092673,
                0.0021240480997790304,
                0.0,
                -0.49890456779304637,
                0.001191053687873028,
                0.8666561103611666,
                0.0,
                0.00024194959721048992,
                0.00014774331393116794,
                0.001125342709741179,
                1.0
            ],
            "intrinsic": {
                "height": 480,
                "intrinsic_matrix": [
                    594.6319,
                    0.0,
                    0.0,
                    0.0,
                    594.5186,
                    0.0,
                    326.8489,
                    236.473,
                    1.0
                ],
                "width": 640
            }
        },
        {
            "class_name": "PinholeCameraParameters",
            "extrinsic": [
                -0.4956069082590739,
                -0.002553933635696139,
                -0.8685431882807348,
                0.0,
                0.0014687395589320605,
                -0.9999967113959674,
                0.0021023799272366843,
                0.0,
                -0.8685457013249138,
                -0.00023370972354518218,
                0.4956090294675588,
                0.0,
                0.0015838623935357729,
                0.0002533687277822975,
                0.0017296925398528772,
                1.0
            ],
            "intrinsic": {
                "height": 480,
                "intrinsic_matrix": [
                    594.6319,
                    0.0,
                    0.0,
                    0.0,
                    594.5186,
                    0.0,
                    326.8489,
                    236.473,
                    1.0
                ],
                "width": 640
            }
        },
        {
            "class_name": "PinholeCameraParameters",
            "extrinsic": [
                0.004241880232768832,
                -0.0021000902937461695,
                -0.9999887979736818,
                0.0,
                0.0005072573664997244,
                -0.9999976615923122,
                0.002102260657453975,
                0.0,
                -0.9999908745293904,
                -0.0005161692221163365,
                -0.00424080502725167,
                0.0,
                0.0013805340247735253,
                0.00010904930950176359,
                0.0010430005890291456,
                1.0
            ],
            "intrinsic": {
                "height": 480,
                "intrinsic_matrix": [
                    594.6319,
                    0.0,
                    0.0,
                    0.0,
                    594.5186,
                    0.0,
                    326.8489,
                    236.473,
                    1.0
                ],
                "width": 640
            }
        },
        {
            "class_name": "PinholeCameraParameters",
            "extrinsic": [
                0.499143011429424,
                -0.0019891116212579544,
                -0.8665173383009278,
                0.0,
                0.0004118158647188928,
                -0.999996707821359,
                0.002532736491944479,
                0.0,
                -0.866519523466644,
                -0.0016210433067126726,
                -0.49914054901374066,
                0.0,
                7.969837109951702e-05,
                0.00011438385696582253,
                0.0013290974217842807,
                1.0
            ],
            "intrinsic": {
                "height": 480,
                "intrinsic_matrix": [
                    594.6319,
                    0.0,
                    0.0,
                    0.0,
                    594.5186,
                    0.0,
                    326.8489,
                    236.473,
                    1.0
                ],
                "width": 640
            }
        },
        {
            "class_name": "PinholeCameraParameters",
            "extrinsic": [
                0.8683627237795013,
                -0.001164952671343348,
                -0.495928243635629,
                0.0,
                0.0008891302679146224,
                -0.9999919767839712,
                0.0039058693082637307,
                0.0,
                -0.4959288148490798,
                -0.003832656123380824,
                -0.8683547209230961,
                0.0,
                0.0012657175349220025,
                -0.0003623256100533712,
                0.0008776175660876435,
                1.0
            ],
            "intrinsic": {
                "height": 480,
                "intrinsic_matrix": [
                    594.6319,
                    0.0,
                    0.0,
                    0.0,
                    594.5186,
                    0.0,
                    326.8489,
                    236.473,
                    1.0
                ],
                "width": 640
            }
        }
    ]
}